10
32
38
46
48
49
50
51
52
53
54
55
56
57
63
65
66
67
68
69
70
71
72
73
74
75
76
77
78
79
80
81
82
83
84
85
86
87
88
89
90
97
98
99
100
101
102
103
104
105
106
107
108
109
110
111
112
113
114
115
116
117
118
119
120
121
122
225
233
237
241
243
44036
44160
44396
44397
44592
44732
45209
45348
46041
47532
47548
47732
48143
48156
48157
48372
49345
49353
49373
49444
49548
49828
49884
49888
50508
50612
50616
50630
50836
50892
51020
51208
51221
51312
51452
51652
51664
52397
52404
53356
53596
53685
53944
54620
54868